array   0,1,2
real    1,2,3

0,0
1,1
1 mod 3 = 1
1 - 1 = 0

3,3
3 mod 3 = 0
0 - 1 = -1

x = 5
n = 3
'x' = 2


x = 6
n = 3
'x' = 3

x = -2
n = 3
'x' = 2

x = -7
n = 3
'x' = 3

input        -9  -8  -7  -6  -5  -4  -3  -2  -1  1   2   3   4   5   6   7   8   9
output        1   2   3   1   2   3   1   2   3  1   2   3   1   2   3   1   2   3
mod           0   1   2   0   1   2   0   1   2  1   2   0   1   2   0   1   2   0
add           1   1   1   1   1   1   1   1   1  0   0   3   0   0   3   0   0   3

1,2,3
4,5,6
7,8,9

(1,1)

(1,2)
(2,1)

(2,2)

(1,2)
(2,1)
(2,3)
(3,2)

(1,2)

(1,1)
(1,3)
(2,2)